0.0
157.0
147.0
-110.0
-174.0
-73.0
266.0
-133.0
5.0
27.0
16.0
-37.0
1.0
-145.0
-247.0
224.0
-194.0
-85.0
253.0
-253.0
249.0
-29.0
-97.0
-101.0
-64.0
5.0
50.0
37.0
9.0
-48.0
169.0
18.0
262.0
-204.0
-183.0
153.0
-157.0
-153.0
240.0
-237.0
-36.0
99.0
-37.0
33.0
47.0
-31.0
57.0
-101.0
151.0
133.0
-162.0
221.0
-84.0
87.0
-14.0
-188.0
280.0
-122.0
-5.0
-43.0
-33.0
-15.0
18.0
-49.0
47.0
39.0
-65.0
57.0
193.0
-162.0
-77.0
-257.0
269.0
45.0
-225.0
122.0
-21.0
-84.0
15.0
6.0
2.0
